, 'm

66666166 68.
exercitationes 61.
66116166 177.

ext· 181.

1³.

16161111 ensis s. 1161 66.
(81. v. 66.)

1 Ignis 87. 116. 117. 168.

6111111661 164.
61661166 166.
1661 166.
11161166 116.
rom 666. ’
1611116111) 660. ¹
111166 97. 101.
1116116 89.

- 166616 666.
16666 640.

G.

Gabina 1666 141.

36666 81. 7

11661666 664.

866166 166.

gentes 667.

61611166 86.

glans 90.

8161111116 146,

gramen 117.

gramineae 6166 116. 160.

ΙΙ.

Helenus 606.
11611166 164.

hippomanes 166.
111116116 166.

16666161666111611161616.

1166161666. 16. 17. 66. 1111166 66.
67, 44. 67. 66106106. 1661116 671).
116116. 118160161. 111111 674.
164. 167.166.176.1811. Luperci 164.
189. 166. 607. 661. 640. 1661111116 168. 676.

664.
116661 174.

11111161 610.
166116 166.

inopinos 161. 664.
1166611661 8.
16666616 606.
16616616 174
16166616 661166 611.
1616166 16611 146.
1611116176. 178.
16161166 177.
16616616 consulum 18.
insignia regum 6.
1111101 20.

. 1666 140. 166. ¹!

luppiter 168.
16111 11616 11 7. .
166 privatum m
16611116 618.

iuvencus m

11.
161116 666.
166 188.
16666 646.
166666 176.
1661061661 666.
1666666116 666.
laurus 160. 161.

-lectus 668.

legati 116.
legio 61.

11161 186.
libationes 187.
1111161 160. ¹
limen 661.
111616 174.
111666 176.

lyra 667.

111.
magia 196. 664

y Magni 1111 148.

manipulus 68.
6166661 inlicere 666.

Mars 146.
medica 616 666.
616666 187.
6161166 secunda 661.-
11161661166 148.
1611116116 verba 66.
1111116 66.
11166116 147.
161116 647.
166111 179. 186. ⁸
molaria 666,
11166116 16. 660.
mulieres 166,
6166616 11616616. 66.
6166166666.
myrtus 161.

11.
naves 1611.
Neptunus 117.
66111166 661.
6616166 66111116 m.
nuces 669. .
nuptiae 666.
Nymphae 166.

0.
61611116 100.
61611111. 160.
616661 188.
661166 196.
opima 106.
optare 60.
6166616 608.
oriens 177.
6166616616 648.

11661 scriptorum 661661166- 6611661 646.

mamm

oves 171.

 

